; Lookup tables for 128-position paddle control
; Generated from 32 manual positions with linear interpolation

; P1 Paddle position offsets (add to player0x/player0y)
data p1_paddle_x
  4, 4, 3, 2, 2, 1, 0, 0, -1, -2, -2, -2, -3, -4, -4, -4
  -5, -5, -6, -6, -6, -6, -7, -8, -8, -8, -8, -8, -8, -8, -8, -8
  -8, -8, -8, -8, -8, -8, -8, -8, -8, -8, -7, -6, -6, -6, -6, -5
  -5, -5, -4, -4, -4, -4, -3, -2, -2, -1, 0, 0, 1, 2, 2, 3
  4, 4, 5, 6, 6, 6, 7, 8, 8, 8, 9, 10, 10, 11, 12, 12
  13, 13, 14, 14, 14, 14, 15, 16, 16, 16, 16, 16, 16, 16, 16, 16
  16, 16, 16, 16, 16, 16, 16, 16, 16, 16, 15, 14, 14, 14, 14, 13
  13, 12, 12, 12, 11, 10, 10, 10, 9, 8, 8, 7, 6, 6, 5, 4
end

data p1_paddle_y
  28, 28, 27, 26, 26, 26, 25, 24, 24, 24, 23, 22, 22, 22, 22, 21
  21, 20, 20, 19, 18, 17, 16, 16, 15, 14, 14, 13, 12, 11, 10, 9
  8, 7, 6, 5, 4, 3, 2, 2, 1, 0, 0, -1, -2, -3, -4, -4
  -5, -6, -6, -6, -7, -8, -8, -8, -9, -9, -10, -10, -10, -10, -10, -11
  -11, -11, -10, -10, -10, -10, -10, -9, -9, -8, -8, -8, -7, -6, -6, -6
  -5, -4, -4, -3, -2, -1, 0, 0, 1, 2, 2, 3, 4, 5, 6, 7
  8, 9, 10, 11, 12, 13, 14, 14, 15, 16, 16, 17, 18, 19, 20, 20
  21, 21, 22, 22, 22, 22, 23, 24, 24, 24, 25, 26, 26, 26, 27, 28
end


; P1 Ball follow position offsets (add to player0x/player0y)
data p1_ball_x
  10, 9, 8, 7, 6, 5, 4, 2, 1, 0, -1, -2, -3, -3, -3, -3
  -3, -4, -4, -4, -5, -6, -6, -6, -7, -7, -7, -7, -7, -7, -7, -7
  -7, -7, -7, -7, -7, -7, -7, -7, -7, -6, -6, -6, -5, -4, -4, -4
  -3, -4, -4, -4, -5, -4, -4, -3, -2, -1, 0, 1, 2, 3, 4, 5
  6, 7, 8, 8, 9, 10, 10, 10, 11, 12, 12, 13, 14, 16, 18, 19
  21, 22, 22, 22, 23, 24, 24, 25, 26, 26, 26, 26, 26, 26, 26, 26
  26, 26, 26, 26, 26, 26, 26, 26, 26, 25, 24, 24, 23, 22, 22, 22
  21, 20, 18, 16, 15, 14, 14, 14, 13, 12, 11, 10, 9, 9, 10, 10
end

data p1_ball_y
  39, 38, 38, 37, 36, 36, 35, 34, 34, 33, 32, 32, 31, 30, 30, 30
  29, 28, 27, 26, 25, 24, 23, 22, 21, 20, 19, 18, 17, 16, 14, 12
  11, 10, 8, 7, 6, 5, 4, 2, 1, 0, -1, -2, -3, -4, -5, -6
  -7, -8, -8, -9, -10, -11, -12, -12, -13, -13, -14, -14, -14, -14, -14, -15
  -15, -15, -14, -14, -14, -14, -14, -13, -13, -12, -12, -11, -10, -9, -8, -8
  -7, -6, -5, -4, -3, -2, -1, 0, 1, 2, 4, 5, 6, 7, 8, 10
  11, 12, 14, 16, 17, 18, 19, 20, 21, 22, 23, 24, 25, 26, 27, 28
  29, 30, 30, 30, 31, 32, 32, 33, 34, 34, 35, 36, 36, 37, 38, 38
end


; P2 Paddle position offsets (add to player1x/player1y)
data p2_paddle_x
  4, 4, 3, 2, 2, 1, 0, 0, -1, -2, -2, -2, -3, -4, -4, -4
  -5, -5, -6, -6, -6, -6, -7, -8, -8, -8, -8, -8, -8, -8, -8, -8
  -8, -8, -8, -8, -8, -8, -8, -8, -8, -8, -7, -6, -6, -6, -6, -5
  -5, -5, -4, -4, -4, -4, -3, -2, -2, -1, 0, 0, 1, 2, 2, 3
  4, 4, 5, 6, 6, 6, 7, 8, 8, 8, 9, 10, 10, 11, 12, 12
  13, 13, 14, 14, 14, 14, 15, 16, 16, 16, 16, 16, 16, 16, 16, 16
  16, 16, 16, 16, 16, 16, 16, 16, 16, 16, 15, 14, 14, 14, 14, 13
  13, 12, 12, 12, 11, 10, 10, 10, 9, 8, 8, 7, 6, 6, 5, 4
end

data p2_paddle_y
  28, 28, 27, 26, 26, 26, 25, 24, 24, 24, 23, 22, 22, 22, 22, 21
  21, 20, 20, 19, 18, 17, 16, 16, 15, 14, 14, 13, 12, 11, 10, 9
  8, 7, 6, 5, 4, 3, 2, 2, 1, 0, 0, -1, -2, -3, -4, -4
  -5, -6, -6, -6, -7, -8, -8, -8, -9, -9, -10, -10, -10, -10, -10, -11
  -11, -11, -10, -10, -10, -10, -10, -9, -9, -8, -8, -8, -7, -6, -6, -6
  -5, -4, -4, -3, -2, -1, 0, 0, 1, 2, 2, 3, 4, 5, 6, 7
  8, 9, 10, 11, 12, 13, 14, 14, 15, 16, 16, 17, 18, 19, 20, 20
  21, 21, 22, 22, 22, 22, 23, 24, 24, 24, 25, 26, 26, 26, 27, 28
end


; P2 Ball follow position offsets (add to player1x/player1y)
data p2_ball_x
  10, 9, 8, 7, 6, 5, 4, 2, 1, 0, -1, -2, -3, -3, -3, -3
  -3, -4, -4, -4, -5, -6, -6, -6, -7, -7, -7, -7, -7, -7, -7, -7
  -7, -7, -7, -7, -7, -7, -7, -7, -7, -6, -6, -6, -5, -4, -4, -4
  -3, -4, -4, -4, -5, -4, -4, -3, -2, -1, 0, 1, 2, 3, 4, 5
  6, 7, 8, 8, 9, 10, 10, 10, 11, 12, 12, 13, 14, 16, 18, 19
  21, 22, 22, 22, 23, 24, 24, 25, 26, 26, 26, 26, 26, 26, 26, 26
  26, 26, 26, 26, 26, 26, 26, 26, 26, 25, 24, 24, 23, 22, 22, 22
  21, 20, 18, 16, 15, 14, 14, 14, 13, 12, 11, 10, 9, 9, 10, 10
end

data p2_ball_y
  39, 38, 38, 37, 36, 36, 35, 34, 34, 33, 32, 32, 31, 30, 30, 30
  29, 28, 27, 26, 25, 24, 23, 22, 21, 20, 19, 18, 17, 16, 14, 12
  11, 10, 8, 7, 6, 5, 4, 2, 1, 0, -1, -2, -3, -4, -5, -6
  -7, -8, -8, -9, -10, -11, -12, -12, -13, -13, -14, -14, -14, -14, -14, -15
  -15, -15, -14, -14, -14, -14, -14, -13, -13, -12, -12, -11, -10, -9, -8, -8
  -7, -6, -5, -4, -3, -2, -1, 0, 1, 2, 4, 5, 6, 7, 8, 10
  11, 12, 14, 16, 17, 18, 19, 20, 21, 22, 23, 24, 25, 26, 27, 28
  29, 30, 30, 30, 31, 32, 32, 33, 34, 34, 35, 36, 36, 37, 38, 38
end

; Total positions: 128
; Memory usage: 1024 bytes for all 4 tables
